3.78269					
2.04749					
2.01066					
2.08056					
2.01047					
2.00258				Kolumn1	
2.01942					
2.00176				Mean	1.90877173
2.00312				Standard error	0.00207268
2.00235				Median	1.90148
2.00617				Mode	1.89535
2.01339				Standard deviation	0.065543912
2.02522				Sample variance	0.004296004
2.01067				Kurtosis	670.6195049
2.01405				Skewness	23.75169278
2.00188				Range	1.91051
1.99082				Minimum	1.87218
2.01855				Maximum	3.78269
2.01157				Sum	1908.77173
2.00354				Count	1000
2.0118				Confidence level (95.0%)	0.004067307
1.99235				Upper CL(95.0%)	1.912839037
2.0014				Lower CL(95.0%)	1.904704423
2.00734					
1.99022					
2.00409					
1.99121					
2.01381					
2.0018					
1.99814					
2.01394					
2.00265					
2.01637					
2.08333					
1.9918					
1.93285					
1.89849					
1.8915					
1.90457					
1.91177					
1.89577					
1.90845					
1.90226					
1.89984					
1.89736					
1.92137					
1.89805					
1.91208					
1.90399					
1.92075					
1.88537					
1.90286					
1.89492					
1.90353					
1.89568					
1.88843					
1.89573					
1.89802					
1.8979					
1.91082					
1.90935					
1.90401					
1.916					
1.91218					
1.91117					
1.90395					
1.90245					
1.90187					
1.92451					
1.90709					
1.89908					
1.90702					
1.90548					
1.89792					
1.91111					
1.90902					
1.90309					
1.91087					
1.90975					
1.91236					
1.91618					
1.90254					
1.89789					
1.91399					
1.89818					
1.89381					
1.90769					
1.90562					
1.89187					
1.91115					
1.93007					
1.88588					
1.91446					
1.9144					
1.9029					
1.90671					
1.90587					
1.89896					
1.91162					
1.87777					
1.87924					
1.91094					
1.89474					
1.90266					
1.91033					
1.90934					
1.89573					
1.92233					
1.9108					
1.89181					
1.89707					
1.9006					
1.90682					
1.89738					
1.91361					
1.90462					
1.89189					
1.88867					
1.89548					
1.90775					
1.91715					
1.91723					
1.91904					
1.93886					
1.89656					
1.90135					
1.90322					
1.90268					
1.90554					
1.89342					
1.88606					
1.92489					
1.89884					
1.89374					
1.90672					
1.92069					
1.90707					
1.91854					
1.89535					
1.88249					
1.92268					
1.89972					
1.88993					
1.91624					
1.90038					
1.88977					
1.90517					
1.91513					
1.9535					
1.89655					
1.90084					
1.89193					
1.91352					
1.9055					
1.90349					
1.8925					
1.90377					
1.97057					
1.95662					
1.95603					
2.06537					
2.03669					
1.9588					
1.99038					
2.03125					
2.08244					
2.12683					
2.15083					
2.09534					
1.88971					
1.89777					
1.90034					
1.87838					
1.89486					
1.90423					
1.90277					
1.89789					
1.89162					
1.89301					
1.90169					
1.91234					
1.90282					
1.90639					
1.90231					
1.90326					
1.90539					
1.90149					
1.88957					
1.89963					
1.90557					
1.89099					
1.90028					
1.89025					
1.8889					
1.90986					
1.90461					
1.87218					
1.90448					
1.91229					
1.89327					
1.897					
1.89632					
1.88296					
1.8969					
1.91139					
1.8911					
1.90331					
1.89356					
1.88352					
1.90357					
1.89976					
1.89206					
1.8907					
1.90343					
1.89657					
1.90557					
1.91115					
1.90086					
1.90902					
1.89439					
1.88866					
1.89745					
1.9045					
1.89927					
1.90691					
1.90351					
1.89882					
1.89425					
1.90629					
1.90518					
1.90371					
1.90505					
1.87917					
1.90826					
1.9092					
1.89103					
1.89988					
1.90543					
1.89503					
1.89662					
1.9006					
1.89752					
1.90107					
1.90014					
1.89706					
1.89634					
1.90682					
1.8893					
1.90987					
1.89975					
1.88566					
1.91745					
1.90191					
1.8913					
1.89943					
1.90312					
1.89657					
1.90226					
1.9081					
1.90057					
1.90326					
1.90688					
1.90141					
1.91157					
1.89198					
1.88619					
1.90404					
1.88947					
1.8907					
1.89439					
1.91446					
1.89267					
1.89506					
1.89719					
1.90261					
1.90883					
1.90608					
1.88913					
1.91365					
1.89734					
1.89737					
1.90167					
1.90301					
1.89632					
1.89687					
1.90194					
1.88777					
1.89766					
1.89622					
1.89756					
1.89136					
1.90925					
1.89648					
1.90152					
1.90654					
1.88921					
1.90944					
1.91497					
1.89258					
1.89448					
1.91065					
1.89028					
1.91358					
1.91456					
1.8804					
1.90358					
1.90513					
1.89209					
1.9247					
1.8923					
1.88221					
1.91005					
1.90194					
1.90509					
1.90297					
1.91303					
1.89969					
1.89685					
1.90534					
1.90423					
1.90724					
1.89983					
1.89425					
1.90939					
1.9016					
1.90366					
1.89347					
1.88993					
1.87907					
1.89783					
1.90571					
1.89363					
1.90184					
1.91469					
1.88731					
1.91224					
1.90131					
1.89748					
1.91216					
1.893					
1.89181					
1.90556					
1.9109					
1.88555					
1.89918					
1.9144					
1.90089					
1.91082					
1.90383					
1.88577					
1.88835					
1.90212					
1.88895					
1.9028					
1.89157					
1.8868					
1.909					
1.89845					
1.89293					
1.90077					
1.89257					
1.88952					
1.89571					
1.90273					
1.89657					
1.89705					
1.90115					
1.89916					
1.88796					
1.8989					
1.89442					
1.89228					
1.90174					
1.88523					
1.90032					
1.9001					
1.89289					
1.90085					
1.89586					
1.88428					
1.89304					
1.89067					
1.89346					
1.90253					
1.91041					
1.89341					
1.89901					
1.90287					
1.89941					
1.88627					
1.90709					
1.90083					
1.8843					
1.90929					
1.89958					
1.89132					
1.90146					
1.89057					
1.90105					
1.89412					
1.90195					
1.90342					
1.90102					
1.89035					
1.89696					
1.91886					
1.89155					
1.90316					
1.90771					
1.9022					
1.89514					
1.90345					
1.9					
1.90442					
1.89175					
1.89392					
1.90523					
1.9029					
1.9015					
1.91923					
1.89276					
1.89402					
1.90661					
1.9201					
1.90415					
1.91219					
1.89796					
1.90708					
1.91315					
1.90073					
1.89774					
1.90618					
1.89941					
1.89544					
1.90697					
1.91578					
1.90629					
1.90311					
1.90092					
1.90394					
1.9027					
1.91044					
1.89748					
1.91233					
1.90781					
1.89639					
1.89121					
1.91702					
1.94083					
1.89706					
1.90211					
1.89989					
1.90401					
1.89987					
1.89396					
1.89135					
1.91052					
1.88908					
1.90105					
1.90197					
1.89709					
1.89034					
1.89913					
1.88585					
1.9106					
1.90507					
1.89614					
1.90096					
1.89595					
1.90102					
1.90811					
1.89685					
1.89535					
1.89353					
1.91611					
1.9004					
1.90208					
1.89898					
1.89792					
1.90067					
1.89794					
1.90092					
1.90185					
1.90856					
1.88348					
1.9139					
1.90557					
1.89932					
1.90691					
1.90963					
1.89567					
1.9119					
1.90199					
1.87794					
1.90599					
1.91403					
1.90624					
1.90742					
1.90621					
1.89379					
1.89566					
1.89924					
1.899					
1.89678					
1.90453					
1.89991					
1.89093					
1.90292					
1.88397					
1.89428					
1.90005					
1.89189					
1.91186					
1.90983					
1.89039					
1.90059					
1.90173					
1.89039					
1.89981					
1.91486					
1.88744					
1.89842					
1.89791					
1.90227					
1.9069					
1.91268					
1.90487					
1.90288					
1.9027					
1.89759					
1.89472					
1.89646					
1.89531					
1.89593					
1.9056					
1.89714					
1.89555					
1.89248					
1.88907					
1.90935					
1.89842					
1.89478					
1.90468					
1.90979					
1.88742					
1.89462					
1.9057					
1.90487					
1.90501					
1.90097					
1.88267					
1.89568					
1.90558					
1.89566					
1.89257					
1.89613					
1.90247					
1.88894					
1.89417					
1.88973					
1.88474					
1.88561					
1.89633					
1.89436					
1.91539					
1.88933					
1.91045					
1.90224					
1.88877					
1.91045					
1.89558					
1.90419					
1.89058					
1.8987					
1.89625					
1.8994					
1.92415					
1.89964					
1.89516					
1.90648					
1.88775					
1.90317					
1.90423					
1.8965					
1.90238					
1.90138					
1.87464					
1.91101					
1.90007					
1.89111					
1.90508					
1.90073					
1.88323					
1.89813					
1.91475					
1.89728					
1.8962					
1.90224					
1.90217					
1.89294					
1.90653					
1.90381					
1.90208					
1.89837					
1.90088					
1.88704					
1.90716					
1.89122					
1.9081					
1.89453					
1.89198					
1.89765					
1.90183					
1.89284					
1.89793					
1.9					
1.89189					
1.90345					
1.89839					
1.90068					
1.95455					
1.90147					
1.89472					
1.88407					
1.98515					
1.89198					
1.88876					
1.8922					
1.8892					
1.91556					
1.90037					
1.90701					
1.89181					
1.89531					
1.90638					
1.90467					
1.91096					
1.89535					
1.90143					
1.91059					
1.90133					
1.91146					
1.90298					
1.88474					
1.90758					
1.89392					
1.90296					
1.90507					
1.90407					
1.90114					
1.90763					
1.89746					
1.9039					
1.89905					
1.90193					
1.90476					
1.89745					
1.90176					
1.90097					
1.90989					
1.90023					
1.89108					
1.90144					
1.88657					
1.89196					
1.89337					
1.92359					
1.89542					
1.89879					
1.89717					
1.8986					
1.91715					
1.90685					
1.87899					
1.90077					
1.92317					
1.88991					
1.90142					
1.89919					
1.89184					
1.90097					
1.88409					
1.8997					
1.89579					
1.91312					
1.88916					
1.91318					
1.90485					
1.88599					
1.91049					
1.89886					
1.88962					
1.92055					
1.89898					
1.88724					
1.90639					
1.89318					
1.88998					
1.90362					
1.90875					
1.89087					
1.90787					
1.91751					
1.90123					
1.88866					
1.92007					
1.8909					
1.89355					
1.89907					
1.91455					
1.91255					
1.90263					
1.89788					
1.90603					
1.89245					
1.89408					
1.90792					
1.91934					
1.8871					
1.89972					
1.89648					
1.91238					
1.89328					
1.91248					
1.89142					
1.897					
1.89664					
1.90068					
1.89279					
1.89846					
1.8985					
1.90223					
1.91059					
1.88931					
1.91484					
1.92243					
1.90252					
1.90326					
1.90934					
1.88677					
1.90113					
1.9168					
1.90317					
1.89273					
1.90169					
1.91386					
1.90797					
1.90902					
1.89513					
1.91519					
1.89734					
1.89544					
1.9043					
1.89047					
1.89914					
1.89312					
1.89858					
1.91989					
1.90057					
1.90493					
1.89413					
1.90924					
1.91281					
1.91153					
1.91444					
1.90747					
1.89006					
1.90183					
1.90506					
1.9078					
1.92314					
1.90372					
1.90139					
1.9026					
1.90083					
1.89498					
1.89993					
1.91742					
1.90046					
1.90306					
1.89302					
1.87624					
1.91004					
1.89404					
1.88989					
1.9172					
1.90498					
1.89564					
1.91567					
1.91358					
1.88994					
1.90537					
1.90703					
1.89775					
1.90694					
1.90519					
1.89763					
1.9321					
1.92143					
1.89831					
1.90271					
1.92326					
1.89243					
1.90202					
1.92437					
1.895					
1.89653					
1.90576					
1.90293					
1.90428					
1.90296					
1.90129					
1.90134					
1.90198					
1.91331					
1.91353					
1.90112					
1.88701					
1.90331					
1.90476					
1.89421					
1.9103					
1.9047					
1.89841					
1.90699					
1.91193					
1.89975					
1.89722					
1.90905					
1.8887					
1.91493					
1.90766					
1.88948					
1.91257					
1.89935					
1.90114					
1.9121					
1.899					
1.9069					
1.90416					
1.90881					
1.90884					
1.89658					
1.89331					
1.91925					
1.89406					
1.90365					
1.88078					
1.89963					
1.89897					
2.02497					
1.91892					
1.93025					
1.90881					
1.91489					
1.90643					
1.89195					
1.92					
1.90503					
1.89167					
1.90039					
1.90793					
1.90601					
1.89957					
1.91965					
1.90718					
1.90813					
1.91506					
1.8871					
1.90284					
1.91161					
1.89849					
1.9075					
1.91129					
1.90929					
1.90416					
1.90798					
1.90313					
1.91574					
1.90659					
1.89049					
1.92809					
1.90038					
1.89182					
1.90078					
1.91571					
1.89886					
1.90012					
1.89865					
1.89157					
1.90957					
1.91508					
1.88815					
1.90594					
1.90197					
1.89999					
1.90017					
1.90318					
1.90233					
1.89238					
1.89857					
1.89755					
1.90218					
1.90273					
1.89891					
1.89418					
1.89636					
1.89226					
1.90623					
1.89835					
1.87975					
1.89983					
1.91162					
1.89157					
1.90264					
1.89431					
1.88137					
1.90906					
1.89599					
1.89727					
1.91361					
1.90804					
1.89228					
1.92403					
1.90408					
1.9119					
1.89818					
1.90928					
1.89284					
1.90987					
1.90249					
1.89147					
1.89104					
1.89746					
1.89646					
1.91457					
1.91121					
1.88117					
1.9164					
1.90348					
1.89788					
1.90196					
1.92441					
1.91009					
1.90782					
1.90256					
1.90155					
1.89813					
1.90478					
1.89875					
1.88139					
1.89094					
1.89221					
1.90191					
1.90298					
1.92495					
1.90029					
1.92106					
1.8945					
1.90629					
1.90747					
1.89221					
1.90196					
1.89919					
1.87814					
1.90256					
1.90492					
1.87527					
1.90984					
1.91177					
1.88152					
1.9093					
1.88528					
1.89155					
1.89639					
1.89534					
1.88877					
1.90106					
1.90093					
1.89984					
1.89683					
1.8948					
1.89844					
1.89535					
1.89891					
1.89523					
1.90206					
1.90747					
1.8854					
1.91212					
1.91038					
1.90887					
1.89227					
1.90042					
1.90677					
1.89032					
1.91076					
1.90901					
1.91519					
1.92202					
