2.12057					
1.12242					
1.10416					
1.12199					
1.09114					
1.08433					
1.10383				Kolumn1	
1.0805					
1.08298				Mean	1.03482275
1.09729				Standard error	0.001221772
1.08934				Median	1.03062
1.09428				Mode	1.0325
1.09309				Standard deviation	0.038635829
1.09657				Sample variance	0.001492727
1.09775				Kurtosis	627.0741972
1.10422				Skewness	22.75165115
1.08847				Range	1.11128
1.10151				Minimum	1.00929
1.11489				Maximum	2.12057
1.09656				Sum	1034.82275
1.09175				Count	1000
1.09424				Confidence level(95.0%)	0.002397534
1.09012				Upper Cl (95.0%)	1.037220284
1.10318				Lower Cl (95.0%)	1.032425216
1.09546					
1.0849					
1.09249					
1.09527					
1.10886					
1.1002					
1.08933					
1.09014					
1.0928					
1.10301					
1.08652					
1.05588					
1.03314					
1.0332					
1.03401					
1.04295					
1.02436					
1.02117					
1.03296					
1.01498					
1.03147					
1.03508					
1.02161					
1.02749					
1.02283					
1.02878					
1.02712					
1.03834					
1.22155					
1.2567					
1.08264					
1.07532					
1.05315					
1.10298					
1.06753					
1.02348					
1.03451					
1.02291					
1.03441					
1.027					
1.02075					
1.03342					
1.02622					
1.02547					
1.03019					
1.02989					
1.02537					
1.02489					
1.03044					
1.02278					
1.0205					
1.02775					
1.02478					
1.0318					
1.01887					
1.02041					
1.03389					
1.02678					
1.02284					
1.0325					
1.03347					
1.03356					
1.03656					
1.04264					
1.03447					
1.04749					
1.02786					
1.0245					
1.03656					
1.03752					
1.03017					
1.0433					
1.0505					
1.02431					
1.03984					
1.03539					
1.03015					
1.03336					
1.06164					
1.01536					
1.0342					
1.0355					
1.03848					
1.03488					
1.03673					
1.02986					
1.03078					
1.03656					
1.02965					
1.03519					
1.02978					
1.02884					
1.04611					
1.02523					
1.02461					
1.0369					
1.03263					
1.02635					
1.02936					
1.04527					
1.02497					
1.03278					
1.03626					
1.03627					
1.03155					
1.02375					
1.02698					
1.03434					
1.02715					
1.01777					
1.05907					
1.0335					
1.0295					
1.02611					
1.03051					
1.03561					
1.02666					
1.03734					
1.02657					
1.02222					
1.0372					
1.02311					
1.03308					
1.03317					
1.0412					
1.04031					
1.03602					
1.02234					
1.04514					
1.04382					
1.02965					
1.03288					
1.0371					
1.02608					
1.0381					
1.03975					
1.02899					
1.03174					
1.03738					
1.02562					
1.03843					
1.0254					
1.02792					
1.03595					
1.04063					
1.02233					
1.03547					
1.0304					
1.03094					
1.02926					
1.03281					
1.02751					
1.04214					
1.02662					
1.02924					
1.04182					
1.03183					
1.02527					
1.04016					
1.03763					
1.02895					
1.02047					
1.03699					
1.02844					
1.02576					
1.03488					
1.03196					
1.03244					
1.03125					
1.02359					
1.02758					
1.02726					
1.03031					
1.03823					
1.02995					
1.01949					
1.02971					
1.03318					
1.02136					
1.04372					
1.02587					
1.02737					
1.03662					
1.02625					
1.02679					
1.03571					
1.03231					
1.01398					
1.03298					
1.04418					
1.02959					
1.0411					
1.03816					
1.02015					
1.03306					
1.0357					
1.02402					
1.04128					
1.02688					
1.022					
1.03617					
1.04243					
1.01764					
1.03093					
1.13874					
1.04261					
1.03412					
1.02577					
1.03312					
1.03411					
1.02205					
1.01925					
1.0371					
1.03298					
1.02382					
1.03069					
1.03187					
1.13808					
1.03735					
1.03438					
1.02739					
1.03767					
1.03264					
1.02623					
1.03531					
1.03454					
1.01769					
1.02208					
1.02566					
1.02398					
1.0314					
1.04029					
1.0364					
1.03019					
1.03384					
1.02362					
1.02905					
1.03633					
1.02644					
1.03932					
1.02197					
1.01999					
1.04244					
1.03233					
1.02397					
1.0309					
1.02602					
1.02067					
1.03161					
1.03238					
1.0232					
1.03292					
1.03358					
1.02882					
1.02783					
1.03076					
1.02285					
1.02323					
1.02694					
1.02554					
1.03109					
1.03404					
1.03331					
1.03318					
1.02935					
1.03178					
1.0358					
1.02851					
1.02291					
1.03284					
1.02903					
1.02264					
1.0261					
1.03731					
1.01756					
1.03793					
1.03509					
1.01579					
1.03685					
1.02973					
1.03475					
1.03594					
1.03664					
1.01935					
1.03256					
1.03489					
1.02912					
1.03741					
1.0371					
1.02479					
1.02841					
1.03368					
1.0445					
1.03207					
1.03006					
1.02527					
1.03041					
1.03946					
1.02631					
1.03434					
1.04282					
1.0194					
1.02984					
1.04335					
1.02443					
1.03429					
1.03524					
1.02223					
1.03112					
1.02229					
1.02843					
1.03616					
1.03					
1.01968					
1.03858					
1.03849					
1.02693					
1.03363					
1.03527					
1.02854					
1.02429					
1.02652					
1.0236					
1.0315					
1.03802					
1.01621					
1.04487					
1.03893					
1.02474					
1.03933					
1.03275					
1.03109					
1.01933					
1.02383					
1.03042					
1.03543					
1.03256					
1.03044					
1.03032					
1.02848					
1.03322					
1.02897					
1.03181					
1.01901					
1.02237					
1.03305					
1.02346					
1.02893					
1.04112					
1.03008					
1.02645					
1.03966					
1.03264					
1.03372					
1.03584					
1.03709					
1.02693					
1.02972					
1.02821					
1.04547					
1.04331					
1.03073					
1.02709					
1.03247					
1.03776					
1.0242					
1.03716					
1.03023					
1.03164					
1.02557					
1.02893					
1.02822					
1.03282					
1.01896					
1.03061					
1.02403					
1.0159					
1.02864					
1.01756					
1.02585					
1.02797					
1.021					
1.03385					
1.02976					
1.02354					
1.02615					
1.0304					
1.0297					
1.02787					
1.03253					
1.0238					
1.03045					
1.03632					
1.03386					
1.02366					
1.02098					
1.03046					
1.02584					
1.03167					
1.04361					
1.03173					
1.04696					
1.0348					
1.02392					
1.03295					
1.0287					
1.02697					
1.03834					
1.03965					
1.02008					
1.03059					
1.04324					
1.04348					
1.03584					
1.03768					
1.0271					
1.03964					
1.02961					
1.03384					
1.02674					
1.03737					
1.02316					
1.03148					
1.03381					
1.0219					
1.04277					
1.03178					
1.03368					
1.0251					
1.02952					
1.03018					
1.04285					
1.02785					
1.0265					
1.0448					
1.03518					
1.03155					
1.03005					
1.02585					
1.02076					
1.04018					
1.03361					
1.03154					
1.03409					
1.02313					
1.02665					
1.03671					
1.03084					
1.0274					
1.03008					
1.04093					
1.03102					
1.02615					
1.02325					
1.02426					
1.02653					
1.03132					
1.0251					
1.02823					
1.03362					
1.01864					
1.02709					
1.03014					
1.02683					
1.02539					
1.03601					
1.02449					
1.03123					
1.03266					
1.02175					
1.03327					
1.03957					
1.03365					
1.04063					
1.04031					
1.01524					
1.03485					
1.0344					
1.02997					
1.03281					
1.02981					
1.0239					
1.03115					
1.03111					
1.01726					
1.0284					
1.03247					
1.02575					
1.03484					
1.0245					
1.02233					
1.03441					
1.03033					
1.02932					
1.04199					
1.03162					
1.03047					
1.03372					
1.04013					
1.02289					
1.02118					
1.03252					
1.01855					
1.02594					
1.03116					
1.01959					
1.03496					
1.02682					
1.01542					
1.03558					
1.02647					
1.02474					
1.02828					
1.02588					
1.03662					
1.02494					
1.02847					
1.03449					
1.03832					
1.02755					
1.02786					
1.03501					
1.0284					
1.02854					
1.05078					
1.0437					
1.02776					
1.03426					
1.02618					
1.02092					
1.04082					
1.03967					
1.02808					
1.02114					
1.03154					
1.02699					
1.02962					
1.03509					
1.0265					
1.02757					
1.03063					
1.03313					
1.04561					
1.02645					
1.02065					
1.02614					
1.05136					
1.01832					
1.03724					
1.04149					
1.025					
1.02785					
1.02684					
1.02235					
1.03558					
1.02988					
1.01955					
1.02875					
1.02916					
1.02588					
1.03425					
1.0424					
1.03655					
1.03177					
1.03481					
1.04002					
1.0385					
1.03645					
1.02807					
1.0299					
1.02793					
1.02778					
1.04687					
1.02562					
1.02119					
1.03794					
1.02776					
1.02561					
1.03716					
1.02523					
1.02725					
1.03848					
1.02881					
1.03022					
1.02143					
1.02986					
1.02078					
1.04253					
1.02927					
1.02873					
1.02768					
1.03338					
1.02362					
1.03706					
1.035					
1.0248					
1.0273					
1.02552					
1.02831					
1.02056					
1.01727					
1.0229					
1.02624					
1.03383					
1.0281					
1.02162					
1.03035					
1.03365					
1.03116					
1.03314					
1.02167					
1.02448					
1.0284					
1.02659					
1.03941					
1.02687					
1.01921					
1.01332					
1.034					
1.01826					
1.02504					
1.0311					
1.02935					
1.03046					
1.02509					
1.01881					
1.02084					
1.03026					
1.03026					
1.02428					
1.03552					
1.0325					
1.03774					
1.03977					
1.02526					
1.03541					
1.0396					
1.0251					
1.04204					
1.04682					
1.03858					
1.03173					
1.03836					
1.0325					
1.02581					
1.04465					
1.02138					
1.03024					
1.0269					
1.02488					
1.03413					
1.03273					
1.0226					
1.03615					
1.03551					
1.02173					
1.03461					
1.0527					
1.03072					
1.03085					
1.03803					
1.02978					
1.03812					
1.0413					
1.02854					
1.03557					
1.04822					
1.03209					
1.03304					
1.03495					
1.04504					
1.02352					
1.03807					
1.02681					
1.04052					
1.03095					
1.02425					
1.04612					
1.03044					
1.02971					
1.02791					
1.0298					
1.02337					
1.0375					
1.0271					
1.02611					
1.03998					
1.03731					
1.03123					
1.03437					
1.02775					
1.0269					
1.03682					
1.02939					
1.02288					
1.03126					
1.0393					
1.01773					
1.04147					
1.02763					
1.02158					
1.03231					
1.03359					
1.02305					
1.03346					
1.02625					
1.02542					
1.02962					
1.03894					
1.02261					
1.02943					
1.03722					
1.01963					
1.03445					
1.02273					
1.02973					
1.03557					
1.03496					
1.02555					
1.01493					
1.02875					
1.02487					
1.02445					
1.01926					
1.02923					
1.02862					
1.03754					
1.00929					
1.03218					
1.03067					
1.02346					
1.03534					
1.03572					
1.02218					
1.02649					
1.03243					
1.0225					
1.02688					
1.02835					
1.02646					
1.0314					
1.0329					
1.02663					
1.02944					
1.02447					
1.02883					
1.03385					
1.04583					
1.02426					
1.03336					
1.02899					
1.03588					
1.04146					
1.03112					
1.02919					
1.04287					
1.02523					
1.02394					
1.03033					
1.0213					
1.02906					
1.03218					
1.03095					
1.03311					
1.03776					
1.03374					
1.02275					
1.03229					
1.02645					
1.02147					
1.04054					
1.0196					
1.03459					
1.02755					
1.02813					
1.02798					
1.04025					
1.03035					
1.03816					
1.02785					
1.02994					
1.01912					
1.03274					
1.02015					
1.0236					
1.03326					
1.02783					
1.02824					
1.03129					
1.03298					
1.03363					
1.01982					
1.03268					
1.03144					
1.03084					
1.03239					
1.03195					
1.02644					
1.02466					
1.02391					
1.03423					
1.02963					
1.02068					
1.03148					
1.03005					
1.02175					
1.03165					
1.04344					
1.0312					
1.04137					
1.02654					
1.0313					
1.03876					
1.03528					
1.01699					
1.03163					
1.02137					
1.02622					
1.02994					
1.02964					
1.01361					
1.02034					
1.02443					
1.02676					
1.03086					
1.02797					
1.02697					
1.03073					
1.0292					
1.01308					
1.02578					
1.0353					
1.01951					
1.03191					
1.0253					
1.03443					
1.03223					
1.02534					
1.02636					
1.03492					
1.04303					
1.02854					
1.03956					
1.02855					
1.02127					
1.03428					
1.03485					
1.02292					
1.0415					
1.04232					
1.02946					
1.03744					
1.0325					
1.03158					
1.03649					
1.02872					
1.02269					
1.03914					
1.03611					
1.02536					
1.03827					
1.03404					
1.02258					
1.03027					
1.03649					
1.02392					
1.03871					
1.03558					
1.03689					
1.04906					
1.02877					
1.03512					
1.04005					
1.03656					
1.0233					
1.03143					
1.03979					
1.02783					
1.03742					
1.04692					
1.03181					
1.02911					
1.04595					
1.03277					
1.04198					
1.03181					
1.04112					
1.03571					
1.0261					
1.02566					
1.03713					
1.0361					
1.02308					
1.04257					
1.03323					
1.03428					
1.03421					
1.03658					
1.02794					
1.02362					
1.04222					
1.02407					
1.03586					
1.02612					
1.02534					
1.03762					
1.02746					
1.02826					
1.04024					
1.02709					
1.02024					
1.02424					
1.03142					
1.02115					
1.02628					
1.02796					
1.02481					
1.04064					
1.03294					
1.03446					
1.03898					
1.03036					
1.03197					
1.02584					
1.03931					
1.02345					
1.03511					
1.02944					
1.03641					
1.02271					
1.04082					
1.02753					
1.02449					
1.02259					
1.02893					
1.02035					
1.02047					
1.02226					
1.03001					
1.03111					
1.027					
1.03131					
1.04525					
1.0178					
1.033					
1.02978					
1.04311					
1.02619					
1.05244					
1.03019					
1.01249					
1.02663					
1.03007					
1.03388					
1.03526					
1.02802					
1.04175					
1.02837					
1.01941					
1.02819					
1.02691					
1.01711					
1.03568					
1.03261					
1.01782					
1.03002					
1.02548					
1.01879					
1.03845					
1.02389					
1.02686					
1.03246					
1.03043					
1.01555					
1.03023					
1.02032					
