17.172				
15.234				
15.172				
15.109				
15.094				
15.156			Kolumn1	
15.157				
15.14			Mean	15.318036
15.156			Standard error	0.008245795
15.157			Median	15.297
15.062			Mode	15.328
15.266			Standard deviation	0.260754946
15.203			Sample rate	0.067993142
15.125			Kurtosis	616.2718005
15.187			Skewness	22.51842629
15.157			Range	7.547
15.187			Minimum	15.062
15.219			Maximum	22.609
15.109			Sum	15318.036
15.313			Count	1000
15.172			Confidence level (95.0%)	0.016181066
15.187			Upper cl (95.0%)	15.33421707
15.141			Lower cl (95.0%)	15.30185493
15.187				
15.172				
15.203				
15.219				
15.093				
15.204				
15.14				
15.141				
15.079				
15.156				
15.125				
15.219				
15.125				
15.203				
15.172				
15.188				
15.281				
15.172				
15.094				
15.172				
15.172				
15.125				
15.141				
15.14				
15.172				
15.188				
15.203				
15.297				
15.235				
15.14				
15.156				
15.235				
15.187				
15.125				
15.25				
15.11				
15.234				
15.203				
15.11				
15.203				
15.203				
15.187				
15.203				
15.172				
15.219				
15.234				
15.25				
15.297				
15.187				
15.25				
15.313				
15.203				
15.25				
15.156				
15.203				
15.36				
15.25				
15.219				
15.171				
15.204				
15.171				
15.157				
15.187				
15.141				
15.14				
15.188				
15.187				
15.203				
15.266				
15.203				
15.25				
15.25				
15.234				
15.172				
15.25				
15.281				
15.391				
15.172				
15.187				
15.172				
15.156				
15.188				
15.25				
15.14				
15.25				
15.125				
15.125				
15.328				
15.266				
15.172				
15.218				
15.157				
15.218				
15.203				
15.329				
15.187				
15.172				
15.25				
15.219				
15.234				
15.172				
15.172				
15.156				
15.172				
15.203				
15.266				
15.203				
15.203				
15.219				
15.234				
15.219				
15.265				
15.282				
15.235				
15.219				
15.297				
15.234				
15.219				
15.39				
15.266				
15.219				
15.25				
15.218				
15.266				
15.234				
15.172				
15.188				
15.187				
15.266				
15.234				
15.219				
15.234				
15.219				
15.234				
15.141				
15.157				
15.219				
15.203				
15.281				
15.25				
15.188				
15.203				
15.25				
15.218				
15.313				
15.187				
15.266				
15.281				
15.203				
15.203				
15.25				
15.281				
15.266				
15.234				
15.313				
15.312				
15.188				
15.219				
15.218				
15.172				
15.219				
15.234				
15.25				
15.25				
15.235				
15.344				
15.187				
15.234				
15.266				
15.266				
15.25				
15.234				
15.172				
15.203				
15.266				
15.234				
15.328				
15.25				
15.422				
15.266				
15.25				
15.218				
15.203				
15.204				
15.25				
15.218				
15.313				
15.203				
15.219				
15.25				
15.25				
15.156				
15.281				
15.281				
15.282				
15.203				
15.25				
15.265				
15.25				
15.219				
15.265				
15.313				
15.219				
15.343				
15.313				
15.297				
15.25				
15.204				
15.296				
15.344				
15.219				
15.234				
15.25				
15.203				
15.36				
15.219				
15.25				
15.235				
15.265				
15.188				
15.266				
15.281				
15.266				
15.187				
15.25				
15.235				
15.281				
15.391				
15.218				
15.297				
15.297				
15.219				
15.219				
15.219				
15.203				
15.203				
15.265				
15.532				
15.265				
15.235				
15.312				
15.297				
15.266				
15.203				
15.265				
15.282				
15.281				
15.234				
15.235				
15.265				
15.235				
15.328				
15.281				
15.281				
15.313				
15.297				
15.297				
15.281				
15.312				
15.282				
15.281				
15.265				
15.219				
15.281				
15.203				
15.25				
15.219				
15.25				
15.219				
15.297				
15.234				
15.219				
15.25				
15.281				
15.25				
15.235				
15.281				
15.281				
15.235				
15.25				
15.375				
15.218				
15.297				
15.266				
15.219				
15.188				
15.219				
15.219				
15.234				
15.234				
15.375				
15.203				
15.297				
15.297				
15.203				
15.219				
15.453				
15.297				
15.391				
15.312				
15.282				
15.281				
15.218				
15.282				
15.312				
15.359				
15.235				
15.297				
15.172				
15.219				
15.266				
15.313				
15.297				
15.312				
15.297				
15.219				
15.312				
15.25				
15.281				
15.328				
15.313				
15.25				
15.328				
15.266				
15.313				
15.313				
15.297				
15.312				
15.25				
15.344				
15.328				
15.25				
15.359				
15.282				
15.328				
15.313				
22.609				
15.328				
15.375				
15.219				
15.234				
15.282				
15.312				
15.235				
15.265				
15.25				
15.312				
15.203				
15.344				
15.344				
15.234				
15.25				
15.359				
15.328				
15.562				
15.266				
15.328				
15.281				
15.297				
15.266				
15.328				
15.344				
15.281				
15.312				
15.407				
15.281				
15.25				
15.313				
15.312				
15.313				
15.359				
15.297				
15.312				
15.25				
15.359				
15.344				
15.234				
15.422				
15.344				
15.359				
15.282				
15.282				
15.328				
15.281				
15.312				
15.36				
15.328				
15.219				
15.343				
15.313				
15.25				
15.234				
15.36				
15.281				
15.266				
15.312				
15.219				
15.25				
15.282				
15.265				
15.328				
15.219				
15.266				
15.344				
15.234				
15.296				
15.234				
15.281				
15.407				
15.296				
15.25				
15.297				
15.344				
15.563				
15.281				
15.234				
15.203				
15.344				
15.281				
15.266				
15.234				
15.328				
15.234				
15.266				
15.25				
15.266				
15.234				
15.219				
15.25				
15.375				
15.297				
15.312				
15.219				
15.266				
15.265				
15.281				
15.219				
15.25				
15.313				
15.312				
15.281				
15.235				
15.312				
15.328				
15.282				
15.234				
15.234				
15.266				
15.297				
15.375				
15.234				
15.282				
15.312				
15.266				
15.297				
15.234				
15.266				
15.281				
15.25				
15.297				
15.265				
15.375				
15.313				
15.25				
15.234				
15.234				
15.281				
15.344				
15.281				
15.235				
15.344				
15.328				
15.422				
15.391				
15.297				
15.25				
15.281				
15.281				
15.297				
15.266				
15.234				
15.328				
15.297				
15.25				
15.359				
15.281				
15.297				
15.312				
15.297				
15.234				
15.297				
15.234				
15.203				
15.235				
15.344				
15.359				
15.297				
15.25				
15.359				
15.328				
15.297				
15.313				
15.25				
15.406				
15.406				
15.25				
15.281				
15.391				
15.359				
15.266				
15.265				
15.36				
15.36				
15.282				
15.281				
15.297				
15.266				
15.375				
15.36				
15.343				
15.328				
15.266				
15.281				
15.344				
15.406				
15.328				
15.266				
15.328				
15.25				
15.265				
15.36				
15.406				
15.516				
15.328				
15.328				
15.343				
15.297				
15.219				
15.296				
15.375				
15.281				
15.344				
15.563				
15.281				
15.422				
15.265				
15.282				
15.375				
15.36				
15.359				
15.328				
15.297				
15.312				
15.266				
15.343				
15.297				
15.313				
15.312				
15.36				
15.266				
15.328				
15.313				
15.296				
15.329				
15.25				
15.296				
15.313				
15.25				
15.312				
15.328				
15.344				
15.391				
15.296				
15.438				
15.25				
15.297				
15.265				
15.313				
15.281				
15.422				
15.266				
15.343				
15.282				
15.312				
15.281				
15.266				
15.266				
15.297				
15.406				
15.297				
15.437				
15.563				
15.25				
15.375				
15.281				
15.297				
15.313				
15.312				
15.281				
15.36				
15.328				
15.266				
15.359				
15.329				
15.296				
15.282				
15.328				
15.36				
15.359				
15.297				
15.219				
15.328				
15.359				
15.328				
15.281				
15.297				
15.328				
15.297				
15.359				
15.328				
15.391				
15.391				
15.265				
15.297				
15.328				
15.36				
15.328				
15.281				
15.359				
15.328				
15.391				
15.266				
15.328				
15.312				
15.313				
15.297				
15.422				
15.359				
15.328				
15.313				
15.406				
15.375				
15.36				
15.282				
15.453				
15.328				
15.281				
15.312				
15.391				
15.578				
15.484				
15.25				
15.313				
15.297				
15.328				
15.328				
15.328				
15.344				
15.328				
15.328				
15.297				
15.297				
15.313				
15.344				
15.391				
15.406				
15.406				
15.328				
15.344				
15.297				
15.312				
15.281				
15.344				
15.391				
15.484				
15.266				
15.39				
15.313				
15.344				
15.296				
15.282				
15.297				
15.328				
15.312				
15.437				
15.407				
15.265				
15.344				
15.359				
15.312				
15.329				
15.39				
15.375				
15.25				
15.344				
15.328				
15.359				
15.282				
15.328				
15.313				
15.406				
15.297				
15.375				
15.391				
15.328				
15.344				
15.312				
15.657				
15.75				
15.343				
15.36				
15.328				
15.438				
15.437				
15.313				
15.344				
15.39				
15.453				
15.328				
15.328				
15.359				
15.328				
15.313				
15.312				
15.328				
15.422				
15.312				
15.39				
15.329				
15.328				
15.328				
15.265				
15.485				
15.39				
15.344				
15.406				
15.344				
15.313				
15.39				
15.344				
15.375				
15.297				
15.344				
15.281				
15.469				
15.297				
15.266				
15.344				
15.296				
15.36				
15.422				
15.25				
15.344				
15.359				
15.329				
15.359				
15.297				
15.344				
15.375				
15.485				
15.343				
15.328				
15.36				
15.328				
15.328				
15.375				
15.344				
15.906				
15.328				
15.406				
15.375				
15.36				
15.375				
15.422				
15.438				
15.313				
15.406				
15.36				
15.344				
15.453				
15.407				
15.343				
15.344				
15.468				
15.313				
15.312				
15.422				
15.359				
15.391				
15.359				
15.282				
15.312				
15.453				
15.328				
15.421				
15.422				
15.344				
15.328				
15.312				
15.391				
15.344				
15.375				
15.312				
15.391				
15.39				
15.297				
15.313				
15.359				
15.406				
15.422				
15.344				
15.453				
15.453				
15.328				
15.375				
15.329				
15.344				
15.5				
15.312				
15.359				
15.375				
15.313				
15.391				
15.438				
15.343				
15.329				
15.875				
15.359				
15.344				
15.5				
15.328				
15.422				
15.343				
15.329				
15.375				
15.406				
15.359				
15.531				
15.391				
15.391				
15.39				
15.36				
15.281				
15.359				
15.421				
15.36				
15.359				
15.344				
15.391				
15.375				
15.359				
15.39				
15.328				
15.375				
15.375				
15.422				
15.344				
15.313				
15.343				
15.438				
15.328				
15.39				
15.453				
15.297				
15.312				
15.422				
15.391				
15.375				
15.406				
15.437				
15.391				
15.359				
15.5				
15.36				
15.437				
15.375				
15.406				
15.344				
15.469				
15.469				
15.391				
15.36				
15.562				
15.734				
15.375				
16.016				
15.391				
15.437				
15.375				
15.375				
15.406				
15.438				
15.422				
15.297				
15.437				
15.344				
15.375				
15.406				
15.438				
15.343				
15.391				
15.328				
15.406				
15.344				
15.36				
15.375				
15.343				
15.375				
15.407				
16.781				
15.422				
15.578				
15.39				
15.438				
15.515				
15.453				
15.375				
15.391				
15.36				
15.375				
15.359				
15.469				
15.39				
15.438				
15.625				
15.406				
15.391				
15.375				
15.39				
15.5				
15.375				
15.422				
15.406				
15.281				
15.375				
15.594				
15.406				
15.375				
15.422				
15.406				
15.438				
15.484				
15.391				
15.468				
15.86				
15.328				
15.328				
15.468				
15.375				
15.703				
15.343				
15.407				
15.39				
15.375				
15.391				
15.406				
15.36				
15.375				
15.328				
15.438				
15.39				
15.375				
15.344				
15.39				
15.469				
15.406				
15.406				
15.375				
15.484				
15.453				
15.453				
15.359				
15.406				
15.453				
15.485				
15.406				
15.407				
